x = 0:0.1:3;
y = x.^3 .* cos(x + 1);

% x = 2
y(2)
% x = 3
y(3)

>> question8

ans =

   4.5360e-04


ans =

    0.0029
